|                          PERSON |                                                                                                                                                                                                                                                                                                                                                                                                                                                                                            voter_determinative_proposals |
| :------------------------------ | -----------------------------------------------------------------------------------------------------------------------------------------------------------------------------------------------------------------------------------------------------------------------------------------------------------------------------------------------------------------------------------------------------------------------------------------------------------------------------------------------------------------------: |
|                           Jason | [8198, 8200, 8203, 8205, 8206, 8212, 8222, 8232, 8235, 8236, 8239, 8240, 8241, 8244, 8246, 8248, 8250, 8252, 8255, 8261, 8269, 8270, 8271, 8274, 8275, 8276, 8281, 8286, 8287, 8295, 8301, 8303, 8308, 8321, 8322, 8323, 8325, 8326, 8329, 8330, 8332, 8336, 8338, 8345, 8346, 8347, 8351, 8353, 8356, 8359, 8363, 8366, 8369, 8370, 8374, 8376, 8379, 8393, 8395, 8402, 8404, 8424, 8448, 8449, 8463, 8486, 8488, 8490, 8491, 8492, 8500, 8501, 8503, 8506, 8509, 8510, 8517, 8518, 8520, 8521, 8522, 8534, 8540, 8542] |
|                       Falsifian |                                                                                                                                                                                                                                                                                                                                                             [8198, 8200, 8206, 8242, 8271, 8272, 8273, 8275, 8292, 8301, 8308, 8322, 8326, 8327, 8344, 8369, 8376, 8377, 8393, 8402, 8440, 8491, 8499, 8506, 8534, 8540] |
|                              G. |                                                                                                                               [8188, 8195, 8200, 8203, 8206, 8211, 8212, 8215, 8217, 8221, 8228, 8245, 8251, 8254, 8260, 8261, 8262, 8263, 8265, 8267, 8268, 8269, 8270, 8271, 8274, 8287, 8290, 8293, 8298, 8305, 8328, 8342, 8343, 8348, 8352, 8354, 8359, 8363, 8374, 8377, 8386, 8412, 8418, 8425, 8426, 8432, 8433, 8437, 8440, 8441, 8442, 8445, 8450, 8454, 8455, 8460, 8462, 8463, 8466, 8468, 8493, 8532, 8534] |
|                            Aris |                                                                                                                                                                                                                                                                               [8198, 8200, 8205, 8206, 8208, 8242, 8245, 8269, 8272, 8273, 8297, 8301, 8302, 8303, 8318, 8319, 8320, 8321, 8369, 8370, 8374, 8376, 8383, 8393, 8402, 8410, 8412, 8418, 8420, 8424, 8427, 8481, 8488, 8500, 8503, 8513, 8534, 8535, 8541] |
|                             twg |                                                                                                                                                                                                                                                                                                                                                                         [8205, 8217, 8232, 8242, 8245, 8247, 8291, 8292, 8295, 8301, 8304, 8305, 8308, 8313, 8317, 8322, 8326, 8329, 8332, 8337, 8346, 8412, 8418, 8440] |
|                          Murphy |                                                                                                                                                                                                                                                                                                                                                                                     [8198, 8205, 8206, 8240, 8241, 8242, 8248, 8338, 8353, 8354, 8370, 8376, 8377, 8379, 8402, 8404, 8448, 8449, 8456, 8490, 8500, 8540] |
|                          Trigon |                                                                                                                                                                                                                                                                                                                                                       [8198, 8200, 8201, 8206, 8232, 8235, 8236, 8239, 8242, 8375, 8376, 8379, 8393, 8414, 8419, 8420, 8427, 8448, 8449, 8488, 8490, 8499, 8514, 8517, 8518, 8520, 8534] |
|                          ATMunn |                                                                                                                                                                                                                                                                                                                                                                                                                                                                   [8242, 8272, 8273, 8379, 8393, 8404, 8490, 8534, 8540] |
|                             nix |                                                                                                                                                                                                                                                                                                                                                                                                                                                 [8205, 8206, 8379, 8393, 8412, 8419, 8440, 8448, 8449, 8466, 8534, 8540] |
| Publius Scribonius Scholasticus |                                                                                                                                                                                                                                                                                                                                                                                                                   [8354, 8369, 8376, 8383, 8402, 8404, 8418, 8427, 8438, 8448, 8449, 8456, 8464, 8471, 8487, 8490, 8520] |
|                          R. Lee |                                                                                                                                                                                                                                                                                                                                                                                                             [8208, 8212, 8366, 8374, 8377, 8379, 8393, 8410, 8412, 8414, 8418, 8419, 8420, 8423, 8427, 8437, 8441, 8456] |
|                          Gaelan |                                                                                                                                                                                                                                                                                                                                                                                                                                                                                           [8242, 8293, 8301, 8317, 8344] |
|                           Rance |                                                                                                                                                                                                                                                                                                                                                                                                                                                                                                             [8301, 8369] |
|                          Bernie |                                                                                                                                                                                                                                                                                                                                                                                                                                                                                                       [8239, 8301, 8317] |
|                          Alexis |                                                                                                                                                                                                                                                                                                                                                                                                                                                       [8283, 8293, 8301, 8305, 8317, 8329, 8340, 8354, 8369, 8374, 8375] |
|                        Telnaior |                                                                                                                                                                                                                                                                                                                                                                                                                                                                                                             [8200, 8206] |
|                     Cuddle Beam |                                                                                                                                                                                                                                                                                                                                                                                                                                                                                                 [8273, 8412, 8418, 8540] |
|                             omd |                                                                                                                                                                                                                                                                                                                                                                                                                                                                                                 [8288, 8293, 8301, 8317] |
|                           sukil |                                                                                                                                                                                                                                                                                                                                                                                                                                                                                                                   [8499] |
|                   Jacob Arduino |                                                                                                                                                                                                                                                                                                                                                                                                                                                                                                       [8205, 8232, 8242] |
|                               o |                                                                                                                                                                                                                                                                                                                                                                                                                                                                                           [8239, 8242, 8293, 8348, 8354] |
|                          Tcbapo |                                                                                                                                                                                                                                                                                                                                                                                                                                                                                           [8377, 8412, 8414, 8418, 8419] |
|                      D. Margaux |                                                                                                                                                                                                                                                                                                                                                                                                                                                                                                                   [8493] |
|                        Warrigal |                                                                                                                                                                                                                                                                                                                                                                                                                                                                                                                       [] |
|             Baron von Vanderham |                                                                                                                                                                                                                                                                                                                                                                                                                                                                                                                       [] |
|                           pikhq |                                                                                                                                                                                                                                                                                                                                                                                                                                                                                                                   [8377] |
|                          Halian |                                                                                                                                                                                                                                                                                                                                                                                                                                                                                                                   [8208] |
|                               L |                                                                                                                                                                                                                                                                                                                                                                                                                                                                                                                       [] |
|                          Walker |                                                                                                                                                                                                                                                                                                                                                                                                                                                                                                       [8198, 8200, 8201] |
|                     Tarhulindur |                                                                                                                                                                                                                                                                                                                                                                                                                                                                                                                       [] |
|                        lucidiot |                                                                                                                                                                                                                                                                                                                                                                                                                                                                                                                       [] |
|                            JTAC |                                                                                                                                                                                                                                                                                                                                                                                                                                                                                                                       [] |
|                            Noah |                                                                                                                                                                                                                                                                                                                                                                                                                                                                                                                       [] |
|                         Shy Owl |                                                                                                                                                                                                                                                                                                                                                                                                                                                                                                                       [] |
